1186
765
1

0
5
65536
0
-1
16777215
0
115
130
343
374
1
(1)
1
5
65536
0
-1
16777215
0
346
192
588
388
1
(2)
2
5
65536
0
-1
16777215
0
83
324
543
628
1
(3)
3
5
65536
0
-1
16777215
0
599
161
919
421
1
(4)
4
5
65536
0
-1
16777215
0
419
357
677
597
1
(5)
5
5
65536
0
-1
16777215
0
581
278
929
602
1
(6)
6
5
65536
0
-1
16777215
0
147
303
411
611
1
(7)
7
5
65536
0
-1
16777215
0
195
39
625
285
1
(8)
8
5
65536
0
-1
16777215
0
862
155
1152
433
1
(9)
9
5
65536
0
-1
16777215
0
373
308
879
506
1
(10)
10
5
65536
0
-1
16777215
0
389
532
773
708
1
(11)
11
5
65536
0
-1
16777215
0
453
204
1057
664
1
(12)
12
5
65536
0
-1
16777215
0
44
27
1126
727
1
(13)
13
5
65536
0
-1
16777215
0
3
5
1159
719
1
(14)
14
5
65536
0
-1
16777215
0
670
209
998
461
1
(15)
15
5
65536
0
-1
16777215
0
265
261
587
499
